------- Coordinate distance minheap ------


Origin: (20, 30)

(20, 30)
 (26, 7) (30, 20)
 (45, 178) (105, 62) (61, 68) (25, 175)
 (71, 201) (301, 218) (185, 122) (156, 17) (13, 155) (312, 264) (0, 268) (191, 163)
 (313, 311) (271, 121) (37, 373) (378, 44) (162, 222) (15, 226) (257, 230) (267, 235) (323, 256) (157, 20) (422, 264) (416, 157) (482, 69) (39, 275) (221, 293) (450, 294)
 (443, 82) (359, 327) (82, 354) (201, 360) (289, 361) (348, 211) (41, 388) (218, 406) (459, 417) (426, 422) (203, 440) (14, 457) (141, 472) (162, 473) (48, 478) (357, 483) (38, 490) (156, 500) (350, 259)