313 225
458 277
466 446
435 206
17 64
172 409
434 72
120 32
281 254
183 480
372 284
189 415
188 375
155 400
231 139
277 417
88 335
354 182
126 308
420 18
27 198
350 424
453 273
216 448
355 394
348 30
450 198
383 407
104 82
119 214
197 126
89 383
12 302
148 399
496 101
210 98
352 4
197 456
64 426
350 148
283 473
33 287
40 62
372 1
18 60
227 290
323 58
133 317
424 484
146 95
477 393
486 147
398 255
297 461
127 334
433 117
2 43
390 270
425 371
27 35
377 229
493 479
23 366
426 93
163 387
87 224
148 367
262 153
117 217
60 349
442 414
204 11
409 450
183 425
293 167
324 350
437 245
489 96
160 299
194 278
354 361
314 256
141 179
289 236
59 234
109 318
404 348
462 94
94 376
232 69
370 154
125 463
146 410
265 308
405 266
350 277
167 79
19 290
135 347
9 403
212 282
84 367
431 415
144 296
454 258
443 248
73 395
11 432
272 458
463 119
264 13
358 132
174 204
235 380
480 462
268 190
314 186
422 78
473 99
220 251
292 500
482 252
376 170
15 337
220 271
332 434
233 111
140 306
65 82
138 158
366 119
476 488
192 93
74 451
182 448
331 173
445 353
8 116
202 488
260 321
372 499
468 371
490 327
308 103
180 3
60 422
298 340
117 360
460 20
306 96
197 457
462 239
377 470
50 19
349 8
310 123
338 57
90 333
401 143
4 324
174 124
94 180
454 368
172 456
279 334
382 77
236 177
358 452
227 248
353 317
319 262
63 441
9 478
224 232
318 323
3 236
425 210
197 121
102 227
106 32
215 248
476 391
296 321
417 342
478 339
346 352
49 399
35 395
124 363
415 128
254 425
416 170
319 492
234 216
468 490
90 298
312 31
191 106
106 360
424 17
405 335
280 239
453 413
220 352
263 323
173 483
167 141
349 110
249 310
367 194
300 128
485 398
370 402
372 110
387 366
187 160
265 219
143 404
244 154
242 473
174 347
10 287
237 240
81 260
270 442
135 289
271 148
82 345
131 353
368 271
196 303
131 46
341 320
196 208
207 354
380 291
386 419
309 242
249 476
417 18
275 47
361 1
469 25
484 37
104 389
20 36
471 469
214 33
70 58
19 498
71 322
327 115
146 404
151 437
232 195
168 173
191 198
247 30
61 79
446 300
372 15
247 341
211 7
108 4
169 377
288 460
94 418
80 441
456 145
461 22
296 52
174 239
465 127
321 451
150 465
294 205
427 395
328 91
162 251
282 263
134 471
129 426
160 318
329 241
41 241
171 239
76 45
24 416
33 211
140 277
436 392
381 433
450 489
315 328
181 258
48 338
409 178
131 322
472 446
484 345
283 355
456 114
424 171
273 53
394 400
302 239
154 85
271 321
244 378
40 468
1 72
320 412
400 314
19 197
345 114
263 432
5 399
138 100
31 334
37 249
157 13
357 126
350 58
71 213
167 197
52 392
89 384
241 448
197 336
470 93
227 324
169 156
446 96
33 423
69 70
252 201
453 79
90 110
395 89
398 125
196 24
331 417
320 78
112 73
118 351
354 463
320 445
132 60
330 16
253 299
323 281
393 355
113 260
315 137
62 26
292 325
99 426
497 359
44 54
253 466
205 500
320 435
121 387
485 20
339 84
215 172
408 336
347 253
222 7
27 103
464 104
342 18
445 215
445 373
88 80
67 352
371 175
440 470
152 329
418 375
61 498
291 372
175 361
128 370
483 253
85 206
160 428
243 37
123 287
248 185
112 197
497 170
363 422
68 316
32 455
209 443
263 462
496 272
39 408
104 497
274 479
190 279
151 180
426 403
260 167
88 280
231 440
468 300
254 303
488 484
271 216
204 362
448 6
257 281
52 133
69 73
369 492
276 32
74 457
385 291
425 362
69 339
4 452
96 257
472 37
151 60
490 31
60 348
461 300
121 339
314 429
52 403
128 357
187 2
27 354
160 443
4 176
31 229
183 353
129 460
355 180
304 102
23 168
412 320
412 376
310 317
389 226
162 465
221 72
194 3
92 18
111 49
380 323
369 350
247 109
497 346
129 48
93 32
93 187
1 412
54 276
62 265
105 422
21 20
90 48
408 28
276 187
326 448
111 94
395 331
422 392
26 4
220 53
393 344
280 372
203 169
176 83
2 483
362 374
146 69
427 103
75 24
354 113
367 5
97 355
236 80
26 159
405 285
435 213
74 324
493 143
5 236
174 215
431 264
408 353
120 409
288 30
376 24
338 185
305 499
134 490
185 339
126 203
413 45
202 147
40 347
145 75
61 123
120 461
32 416
249 423
105 92
314 476
288 325
304 237
302 138
434 459
236 172
105 352
162 253
150 148
496 483
367 91
457 401
2 112
38 459
95 147
447 474
498 152
347 411
80 127
136 280
340 139
436 386
323 163
23 375
6 172
452 423
228 108
40 445
210 51
476 207
477 75
398 24
138 169
164 365
387 190
431 385
309 366
96 336
158 266
410 50
19 317
397 489
110 464
240 186
384 28
187 155
35 112
17 146
117 499
16 411
407 58
326 121
210 330
376 345
302 92
24 318
390 198
221 285
254 26
303 460
132 430
375 217
35 434
189 136
21 35
87 282
206 3
264 332
169 436
57 467
273 47
472 51
315 289
258 263
309 490
343 143
294 21
481 125
138 169
443 78
240 24
260 91
352 29
147 246
210 67
232 128
61 401
210 46
171 78
447 460
192 64
110 361
54 297
192 447
286 292
159 400
344 417
57 37
277 169
261 257
16 22
460 104
350 151
136 404
448 144
62 41
55 97
312 444
66 52
248 137
251 191
409 324
7 63
345 145
249 281
450 306
371 270
145 491
486 286
247 481
476 16
53 410
403 487
259 491
227 82
497 182
11 34
362 242
223 39
18 119
259 30
484 14
181 140
263 267
84 337
477 352
187 140
163 175
333 368
335 435
383 80
266 114
150 281
297 239
178 83
93 126
432 63
200 450
291 469
499 127
13 34
325 33
299 277
26 248
277 123
495 491
232 308
58 375
453 383
455 484
57 116
61 79
464 73
440 3
178 372
18 139
396 482
432 422
176 313
198 179
167 153
413 288
444 336
187 425
475 307
411 77
303 175
156 3
40 206
180 213
13 271
160 12
117 105
170 266
448 351
177 365
438 243
9 155
235 125
458 359
230 68
421 125
188 404
229 163
378 88
368 328
438 61
197 115
452 258
3 259
228 211
421 312
197 498
153 351
458 441
337 327
130 161
298 216
465 414
15 413
29 439
62 345
194 290
414 471
499 202
38 421
167 94
199 52
77 389
348 495
329 344
262 440
111 68
376 374
199 312
271 28
430 413
207 4
474 198
29 173
200 4
489 396
24 379
387 336
329 359
248 174
342 146
131 355
131 307
97 198
329 263
88 242
163 250
230 430
120 107
79 25
440 463
364 27
459 373
46 346
150 10
344 1
420 302
177 310
345 263
183 178
38 307
181 257
372 236
470 136
116 144
167 152
373 119
123 493
131 256
384 208
213 191
464 362
380 373
129 303
499 408
194 119
128 341
120 16
291 438
224 81
410 444
310 104
271 99
66 474
12 419
38 339
476 39
488 247
465 485
216 393
306 356
275 117
416 143
107 112
488 125
6 199
295 287
489 358
125 69
22 354
411 174
179 304
88 170
480 448
7 45
127 234
454 276
214 92
83 479
111 256
421 82
141 219
187 102
272 100
237 55
337 149
350 19
291 122
378 353
92 317
128 227
424 185
392 372
396 320
237 82
408 127
22 354
382 463
72 196
453 50
487 236
3 80
375 382
491 426
82 201
98 357
67 177
27 418
278 241
181 110
84 170
347 87
493 115
477 190
405 169
45 4
16 272
392 224
437 332
362 411
119 492
174 302
483 362
402 384
144 133
414 245
389 210
334 213
447 24
251 88
11 218
30 48
295 355
440 1
123 438
36 247
77 445
271 212
458 360
157 467
114 111
365 142
373 388
65 223
161 279
398 362
252 374
382 80
325 152
229 457
159 107
487 43
250 361
270 149
28 3
399 59
9 409
270 205
111 157
101 382
466 411
466 417
295 267
421 290
141 167
409 67
434 255
365 358
460 45
99 215
397 355
30 205
456 265
233 471
413 112
411 134
197 400
445 96
464 321
302 40
236 97
225 103
41 70
252 323
142 231
106 358
500 285
452 188
394 16
72 473
5 149
359 402
224 281
78 479
317 352
452 190
366 199
434 355
341 449
282 269
346 226
416 74
263 463
403 182
286 423
181 419
257 2
135 441
150 258
176 128
297 372
497 79
266 493
421 305
381 417
301 391
31 230
414 118
491 13
310 211
362 336
269 199
186 188
453 363
354 116
493 48
415 350
382 93
164 196
61 307
344 37
492 242
231 71
409 67
42 394
418 382
277 430
448 212
484 412
105 365
93 419
32 244
11 500
180 233
370 432
116 453
20 214
7 28
209 372
313 281
461 107
162 482
11 111
433 39
100 65
228 101
298 111
371 420
442 347
313 364
214 18
98 129
